160 80 480 40
920 160 200 40
600 200 200 40
1000 280 160 40
40 320 80 40
360 320 160 80
240 400 120 40
560 400 440 80
160 480 120 40
480 480 80 40
1000 480 160 40
0 560 1280 160
1800 80 200 40
1320 120 160 40
2120 160 200 40
1920 240 120 40
1520 280 200 40
1760 360 360 40
1440 440 360 40
1280 560 1280 160
2480 360 80 40
2440 400 120 40
2400 440 160 40
2360 480 200 40
2320 520 240 40
3080 160 80 40
3280 160 320 40
2960 200 80 40
3200 240 160 40
2840 280 120 40
3120 320 280 40
3640 320 40 40
3600 360 120 40
3560 420 200 40
3520 460 280 40
3040 440 200 40
2560 360 240 360
3120 560 720 160
3960 200 80 40
4280 200 80 40
4600 200 80 40
4120 320 80 40
4440 320 80 40
3960 440 80 40
4280 440 80 40
4600 440 80 40
3840 560 1280 160