142
143
147
148
149
150
151
152
153
154
171
172
209
210
211
212
232
233
234
271
272
273
274
275
276
277
283
289
290
291
292
293
294
314
315
316
321
322
323
324
325
326
345
346
347
348
349
353
354
355
356
357
358
365
366
367
368
369
376
377
378
379
380
381
382
385
386
387
388
389
390
417
418
419
420
421
422
449
450
451
452
453
454
463
464
465
466
467
468
469
470
471
472
473
474
475
476
477
478
479
480
481
482
483
484
485
486
495
496
497
498
499
500
501
502
503
504
505
506
507
508
509
510
511
512
513
514
515
516
517
518
527
528
529
530
531
532
533
534
535
536
537
538
539
540
541
542
543
544
545
546
547
548
549
550
559
560
561
562
563
564
565
566
567
568
569
570
571
572
573
574
575
576